0 0 0 0 0 0 0 0 0 0 0 0 0 0 0 0 
0 0 0 0 0 0 0 0 0 0 0 0 0 0 0 0 
0 0 0 0 0 0 0 0 0 0 0 0 0 0 0 0 
0 0 0 0 0 0 0 0 0 0 0 0 0 0 0 0 
0 0 0 0 0 0 0 0 0 0 0 0 0 0 0 0 
0 0 0 0 0 0 0 0 0 0 0 0 0 0 0 0 
0 0 0 0 0 0 0 0 0 0 0 0 0 0 0 0 
0 0 0 0 0 0 0 0 0 0 0 0 0 0 0 0 
2.411 -12.2092 -5.84122 -2.52055 -1.08418 6.67052 0.728144 9.40677 0 0 0 0 1.88061 -5.44385 0 0 
6.53136 13.2981 -7.08799 6.8926 -6.418 -2.64066 -12.2101 -0.125311 0 0 0 0 -1.71339 4.23472 0 0 
-0.62917 9.89408 4.55614 -6.30751 -2.30911 1.77984 1.21707 -5.40914 0 0 0 0 -2.43128 3.68041 0 0 
-6.64894 2.28077 1.80124 1.56176 -2.20936 3.33678 -6.42206 4.89338 0 0 0 0 -3.21979 -9.2229 0 0 
4.40692 0 0 0 0 0 0 0 3.10639 -6.98636 9.69833 -6.83165 0 0 0 0 
-3.49349 0 0 0 0 0 0 0 -0.150737 -3.75752 -1.60885 -3.24039 0 0 0 0 
0 0 0 0 0 0 0 0 3.25212 -12.2086 5.3266 -0.363066 0 0 0 0 
0 0 0 0 0 0 0 0 -8.58202 0.623972 8.59322 5.35676 0 0 0 0 
