0 0 0 0 0 0 0 0 0 0 0 0 0 0 0 0 
0 0 0 0 0 0 0 0 0 0 0 0 0 0 0 0 
0 0 0 0 0 0 0 0 0 0 0 0 0 0 0 0 
0 0 0 0 0 0 0 0 0 0 0 0 0 0 0 0 
0 0 0 0 0 0 0 0 0 0 0 0 0 0 0 0 
0 0 0 0 0 0 0 0 0 0 0 0 0 0 0 0 
0 0 0 0 0 0 0 0 0 0 0 0 0 0 0 0 
0 0 0 0 0 0 0 0 0 0 0 0 0 0 0 0 
-0.395936 -0.711249 2.36188 1.68241 1.39552 7.16799 -3.74686 -6.93527 0 0 0 0 -1.35151 0.788831 0 0 
6.95096 -3.18791 -3.74848 -10.6888 -4.06273 -2.00867 -5.48528 7.59604 0 0 0 0 -4.98497 -4.20477 0 0 
-5.01624 -1.99167 -12.8612 3.06014 8.73658 7.59079 -6.00973 -7.80134 0 0 0 0 -3.14982 11.2761 0 0 
14.2762 7.27173 -1.43572 8.78441 -7.65111 -5.41185 -8.37226 0.340896 0 0 0 0 -1.80357 18.0901 0 0 
-18.4823 0 0 0 0 0 0 0 7.87614 -1.77272 4.96848 -5.39543 0 0 0 0 
3.85238 0 0 0 0 0 0 0 8.64122 0.449414 -3.09395 6.10457 0 0 0 0 
0 0 0 0 0 0 0 0 5.85052 -12.3922 1.77913 4.06001 0 0 0 0 
0 0 0 0 0 0 0 0 -1.52114 -5.34745 -9.76173 4.90451 0 0 0 0 
