0 0 0 0 0 0 0 0 0 0 0 0 0 0 0 0 
0 0 0 0 0 0 0 0 0 0 0 0 0 0 0 0 
0 0 0 0 0 0 0 0 0 0 0 0 0 0 0 0 
0 0 0 0 0 0 0 0 0 0 0 0 0 0 0 0 
0 0 0 0 0 0 0 0 0 0 0 0 0 0 0 0 
0 0 0 0 0 0 0 0 0 0 0 0 0 0 0 0 
0 0 0 0 0 0 0 0 0 0 0 0 0 0 0 0 
0 0 0 0 0 0 0 0 0 0 0 0 0 0 0 0 
-11.6246 2.55559 -21.7575 -0.92413 21.8912 5.14729 21.1481 2.91925 0 0 0 0 24.516 2.52216 0 0 
-16.1436 -1.5242 -10.0702 -12.2416 6.97942 7.47096 11.2248 10.7068 0 0 0 0 -8.16772 8.51667 0 0 
14.8234 -21.5299 -17.3536 -8.05165 -7.20688 -9.57511 19.6444 10.3122 0 0 0 0 11.2996 -0.366853 0 0 
13.2781 1.57974 0.705471 -4.21432 4.82461 -14.7607 -6.24887 13.5372 0 0 0 0 24.6227 -6.60681 0 0 
-2.64726 0 0 0 0 0 0 0 11.9692 10.4075 -7.84258 0.750108 0 0 0 0 
7.8581 0 0 0 0 0 0 0 27.0812 15.118 -7.75822 1.46639 0 0 0 0 
0 0 0 0 0 0 0 0 19.6229 16.8614 -11.8282 -18.3082 0 0 0 0 
0 0 0 0 0 0 0 0 -18.8393 -7.40577 -20.1651 26.1001 0 0 0 0 
