0 0 0 0 0 0 0 0 0 0 0 0 0 0 0 0 
0 0 0 0 0 0 0 0 0 0 0 0 0 0 0 0 
0 0 0 0 0 0 0 0 0 0 0 0 0 0 0 0 
0 0 0 0 0 0 0 0 0 0 0 0 0 0 0 0 
0 0 0 0 0 0 0 0 0 0 0 0 0 0 0 0 
0 0 0 0 0 0 0 0 0 0 0 0 0 0 0 0 
0 0 0 0 0 0 0 0 0 0 0 0 0 0 0 0 
0 0 0 0 0 0 0 0 0 0 0 0 0 0 0 0 
-4.61894 -5.7787 4.54411 10.7992 10.8737 -0.0884281 -8.24686 -6.71188 0 0 0 0 5.68208 1.72176 0 0 
6.6449 13.2446 -3.54228 6.06803 -7.05798 -4.61916 -0.971471 -4.72953 0 0 0 0 6.64639 -6.23863 0 0 
-5.15153 -0.810777 8.25102 3.41135 -6.99141 2.01377 4.81047 -10.4147 0 0 0 0 4.03764 -7.22903 0 0 
-8.34424 -12.2889 20.8158 1.35478 -4.75589 -1.29218 -3.89538 -12.2095 0 0 0 0 7.6613 1.47334 0 0 
-9.48549 0 0 0 0 0 0 0 9.8116 5.02001 0.349688 6.36361 0 0 0 0 
-6.77112 0 0 0 0 0 0 0 -9.34456 -0.794911 9.26912 -3.03164 0 0 0 0 
0 0 0 0 0 0 0 0 -3.2482 -9.52305 -6.73626 1.34784 0 0 0 0 
0 0 0 0 0 0 0 0 12.6407 -8.14327 -2.35475 13.5761 0 0 0 0 
